#include <iostream>
#include "GeneticAlgorithm.h"

int main()
{
    std::cout << "Genetic algorithm for solving travelling salesman problem" << std::endl << std::endl;

    using DistanceMatrix = std::vector<std::vector<double>>;
    const DistanceMatrix distanceMatrix =
    {
        { 0.00,  13.60, 13.34, 10.63, 5.83,  14.00, 12.21, 4.12,  10.82, 9.22,  3.16,  12.53, 4.47,  8.60,  11.40 },
        { 13.60, 0.00,  7.00,  5.83,  13.45, 4.12,  4.24,  12.00, 10.77, 7.62,  13.89, 2.83,  13.60, 8.54,  5.00  },
        { 13.34, 7.00,  0.00,  11.18, 10.20, 3.16,  10.44, 13.89, 5.00,  12.21, 12.00, 9.22,  11.05, 12.81, 10.77 },
        { 10.63, 5.83,  11.18, 0.00,  13.00, 9.22,  2.00,  7.62,  13.04, 2.00,  12.21, 3.16,  12.53, 3.00,  1.00  },
        { 5.83,  13.45, 10.20, 13.00, 0.00,  12.08, 13.89, 9.22,  6.08,  12.37, 2.83,  13.60, 1.41,  12.17, 13.42 },
        { 14.00, 4.12,  3.16,  9.22,  12.08, 0.00,  8.06,  13.60, 7.81,  10.63, 13.34, 6.71,  12.65, 11.40, 8.60  },
        { 12.21, 4.24,  10.44, 2.00,  13.89, 8.06,  0.00,  9.49,  13.04, 4.00,  13.45, 1.41,  13.60, 5.00,  1.00  },
        { 4.12,  12.00, 13.89, 7.62,  9.22,  13.60, 9.49,  0.00,  12.81, 5.83,  7.00,  10.20, 8.06,  5.00,  8.54  },
        { 10.82, 10.77, 5.00,  13.04, 6.08,  7.81,  13.04, 12.81, 0.00,  13.34, 8.54,  12.17, 7.28,  13.60, 13.00 },
        { 9.22,  7.62,  12.21, 2.00,  12.37, 10.63, 4.00,  5.83,  13.34, 0.00,  11.18, 5.10,  11.70, 1.00,  3.00  },
        { 3.16,  13.89, 12.00, 12.21, 2.83,  13.34, 13.45, 7.00,  8.54,  11.18, 0.00,  13.45, 1.41,  10.77, 12.81 },
        { 12.53, 2.83,  9.22,  3.16,  13.60, 6.71,  1.41,  10.20, 12.17, 5.10,  13.45, 0.00,  13.45, 6.08,  2.24  },
        { 4.47,  13.60, 11.05, 12.53, 1.41,  12.65, 13.60, 8.06,  7.28,  11.70, 1.41,  13.45, 0.00,  11.40, 13.04 },
        { 8.60,  8.54,  12.81, 3.00,  12.17, 11.40, 5.00,  5.00,  13.60, 1.00,  10.77, 6.08,  11.40, 0.00,  4.00  },
        { 11.40, 5.00,  10.77, 1.00,  13.42, 8.60,  1.00,  8.54,  13.00, 3.00,  12.81, 2.24,  13.04, 4.00,  0.00  }
    };

    GeneticAlgorithm ga(distanceMatrix);
    ga.Run();

    return 0;
}
